3.950618e-05	2.000015e+00	6.756404e-03	1.951115e-06	6.756753e-03	1.984444e+00	-8.256701e-04	6.658404e-03	0.000000e+00	2.754426e-06	0.000000e+00	0.000000e+00	1.652937e-06	0.000000e+00	0.000000e+00
4.464198e-03	1.991390e+00	1.871843e-01	-7.916125e-05	1.956377e-01	1.984444e+00	-9.688010e-04	1.802703e-01	0.000000e+00	-3.888572e-03	0.000000e+00	0.000000e+00	-2.541922e-06	0.000000e+00	0.000000e+00
8.928397e-03	1.982485e+00	3.798889e-01	2.603399e-05	3.974217e-01	1.984444e+00	1.379064e-03	3.734494e-01	0.000000e+00	-7.071484e-03	0.000000e+00	0.000000e+00	-1.303015e-06	0.000000e+00	0.000000e+00
1.339259e-02	1.973541e+00	5.723101e-01	2.132251e-04	5.989327e-01	1.984444e+00	-6.328551e-05	5.668709e-01	0.000000e+00	-9.395462e-03	0.000000e+00	0.000000e+00	-8.574158e-06	0.000000e+00	0.000000e+00
1.785679e-02	1.964606e+00	7.645811e-01	3.425182e-04	8.002971e-01	1.984444e+00	8.355897e-04	7.602649e-01	0.000000e+00	-1.086215e-02	0.000000e+00	0.000000e+00	-8.955526e-06	0.000000e+00	0.000000e+00
2.232099e-02	1.955673e+00	9.567252e-01	3.896467e-04	1.001539e+00	1.984444e+00	-1.739935e-03	9.539914e-01	-3.943506e+00	-1.146635e-02	-4.022950e-02	1.841970e+01	-1.273168e-05	-1.317682e-04	-8.394598e-03
2.678519e-02	1.946754e+00	1.148516e+00	4.798471e-04	1.202428e+00	1.984444e+00	-1.922371e-05	1.147133e+00	-3.918525e+00	-1.121729e-02	1.534381e-01	3.517492e+01	-9.491719e-06	-2.717935e-05	-1.356719e-02
3.124939e-02	1.937879e+00	1.340402e+00	6.621082e-04	1.403420e+00	1.984444e+00	4.876353e-04	1.341125e+00	-3.891634e+00	-1.010868e-02	3.452441e-01	3.392599e+01	-1.137062e-05	-2.420921e-04	-3.915623e-03
3.571359e-02	1.928947e+00	1.532073e+00	6.788217e-04	1.604166e+00	1.984444e+00	-3.568251e-04	1.534749e+00	-3.768326e+00	-8.143843e-03	5.117771e-01	9.626166e+00	-1.212553e-05	-3.416475e-04	7.296307e-02
4.017778e-02	1.920071e+00	1.723579e+00	7.485435e-04	1.804772e+00	1.984444e+00	3.939327e-03	1.728308e+00	-3.058083e+00	-5.324340e-03	5.260803e-01	-3.701521e+01	-1.611727e-05	2.020323e-04	1.878275e-01
4.464198e-02	1.912022e+00	1.915452e+00	7.759582e-04	2.005682e+00	1.984444e+00	7.323194e-01	1.928500e+00	-9.721975e-01	-2.060565e-03	1.826701e-01	-7.650706e+01	-1.439063e-05	1.595842e-03	2.184051e-01
4.910618e-02	1.913664e+00	2.118957e+00	8.889069e-04	2.210826e+00	1.984444e+00	3.970551e+00	2.399770e+00	1.839471e+00	-2.778975e-03	-3.420438e-01	-6.813735e+01	-1.232239e-06	2.776719e-03	8.802987e-02
5.357038e-02	1.923243e+00	2.338748e+00	8.303288e-04	2.420563e+00	1.984444e+00	3.982109e+00	3.064709e+00	3.568021e+00	-6.491570e-03	-5.751292e-01	-1.963477e+01	1.499941e-05	2.636173e-03	-1.034086e-01
5.803458e-02	1.932517e+00	2.557868e+00	8.684973e-04	2.630270e+00	1.984444e+00	4.064395e+00	3.731208e+00	4.011945e+00	-9.084716e-03	-4.703452e-01	2.432497e+01	2.708583e-05	1.372712e-03	-1.817610e-01
6.249878e-02	1.941735e+00	2.777007e+00	7.665287e-04	2.839907e+00	1.984444e+00	4.077690e+00	4.400448e+00	4.080118e+00	-1.073076e-02	-2.624004e-01	4.384444e+01	2.450278e-05	4.879041e-04	-1.265659e-01
6.696297e-02	1.951054e+00	2.996400e+00	6.878690e-04	3.049725e+00	1.984444e+00	4.082023e+00	5.071904e+00	4.136233e+00	-1.141228e-02	-4.447724e-02	4.865683e+01	2.821054e-05	3.207034e-04	-6.146494e-02
7.142717e-02	1.960523e+00	3.215652e+00	7.580470e-04	3.259396e+00	1.984444e+00	4.086194e+00	5.744485e+00	4.182821e+00	-1.112642e-02	1.743407e-01	4.915234e+01	2.846303e-05	1.660784e-04	-4.203859e-02
7.589137e-02	1.969975e+00	3.434883e+00	6.620511e-04	3.469152e+00	1.984444e+00	4.092810e+00	6.417955e+00	4.208990e+00	-9.870302e-03	3.932596e-01	4.769553e+01	2.956361e-05	-6.034939e-05	-2.619247e-02
8.035557e-02	1.979434e+00	3.654238e+00	6.736979e-04	3.678899e+00	1.984444e+00	4.095192e+00	7.092387e+00	4.228747e+00	-7.645101e-03	6.079850e-01	4.159084e+01	2.843175e-05	-2.131374e-04	1.769310e-02
8.481977e-02	1.988867e+00	3.872567e+00	7.101086e-04	3.887556e+00	1.984444e+00	4.097567e+00	7.765358e+00	4.248479e+00	-4.444739e-03	7.914299e-01	2.645729e+01	2.523714e-05	9.904994e-05	5.460994e-02
8.928397e-02	1.998362e+00	4.034812e+00	8.479606e-04	4.038173e+00	1.984444e+00	4.098983e+00	8.282638e+00	4.262520e+00	-3.397262e-04	8.756944e-01	2.715720e+00	2.893960e-05	5.088743e-04	4.074986e-02
9.374817e-02	2.007723e+00	3.897769e+00	9.074614e-04	3.890267e+00	1.984444e+00	4.103155e+00	7.854729e+00	4.289054e+00	3.826565e-03	8.155372e-01	-2.104991e+01	3.176462e-05	5.263852e-04	7.943610e-03
9.821236e-02	2.017200e+00	3.706332e+00	6.073564e-04	3.689215e+00	1.984444e+00	4.103472e+00	7.269931e+00	4.331521e+00	7.180572e-03	6.559512e-01	-3.626419e+01	3.406974e-05	4.246432e-04	-1.268113e-03
1.026766e-01	2.026808e+00	3.512429e+00	2.691559e-04	3.485990e+00	1.984444e+00	4.104010e+00	6.673942e+00	4.342475e+00	9.675426e-03	4.648179e-01	-4.254424e+01	3.384847e-05	5.319160e-04	-1.048583e-02
1.071408e-01	2.036215e+00	3.317544e+00	-1.026500e-04	3.281686e+00	1.984444e+00	4.105455e+00	6.072044e+00	4.334879e+00	1.130049e-02	2.682289e-01	-4.430197e+01	3.989972e-05	4.402288e-04	-3.473176e-02
1.116050e-01	2.045539e+00	3.122040e+00	-3.320459e-04	3.076987e+00	1.984444e+00	4.107349e+00	5.466359e+00	4.361048e+00	1.205209e-02	7.038584e-02	-4.462205e+01	3.917142e-05	1.251444e-04	-4.386812e-02
1.160692e-01	2.055081e+00	2.925941e+00	-4.903835e-04	2.871577e+00	1.984444e+00	4.108366e+00	4.857771e+00	4.390380e+00	1.192426e-02	-1.279181e-01	-4.381777e+01	3.907005e-05	6.792151e-06	-3.847681e-02
1.205334e-01	2.064522e+00	2.729494e+00	-6.002950e-04	2.665853e+00	1.984444e+00	4.109432e+00	4.246664e+00	4.393621e+00	1.092086e-02	-3.255732e-01	-3.815519e+01	4.043689e-05	-2.023822e-04	-3.427286e-02
1.249976e-01	2.073869e+00	2.532739e+00	-6.833114e-04	2.459916e+00	1.984444e+00	4.110438e+00	3.633882e+00	4.350378e+00	9.035240e-03	-5.074244e-01	-1.699768e+01	3.716921e-05	-2.858971e-04	-6.378939e-02
1.294618e-01	2.083358e+00	2.335746e+00	-7.269385e-04	2.253777e+00	1.984444e+00	4.106882e+00	3.019301e+00	3.831789e+00	6.271111e-03	-5.718535e-01	2.801328e+01	3.493955e-05	-3.198509e-04	-1.819376e-01
1.339259e-01	2.092601e+00	2.137324e+00	-7.083787e-04	2.046885e+00	1.984444e+00	3.813039e+00	2.400708e+00	1.857305e+00	2.790955e-03	-2.975298e-01	7.506643e+01	4.202033e-05	-1.850196e-03	-2.662492e-01
1.383902e-01	2.094193e+00	1.921649e+00	-6.952954e-04	1.833360e+00	1.984444e+00	1.278291e-01	1.941716e+00	-1.363483e+00	2.203514e-03	2.605778e-01	7.835952e+01	2.186392e-05	-3.728316e-03	-1.209248e-01
1.428543e-01	2.084700e+00	1.696735e+00	-6.095163e-04	1.618060e+00	1.984444e+00	-3.959854e-02	1.713232e+00	-3.693407e+00	6.190822e-03	5.948670e-01	3.241214e+01	-2.773534e-06	-3.350497e-03	1.285562e-01
1.473185e-01	2.075311e+00	1.471024e+00	-6.053757e-04	1.401981e+00	1.984444e+00	-1.354379e-01	1.497291e+00	-4.395609e+00	9.077207e-03	5.334389e-01	-1.730538e+01	-1.064277e-05	-1.846503e-03	2.326179e-01
1.517827e-01	2.065756e+00	1.245165e+00	-5.016607e-04	1.185792e+00	1.984444e+00	-1.631179e-01	1.286527e+00	-4.538604e+00	1.103670e-02	3.325406e-01	-4.182139e+01	-1.571875e-05	-8.248947e-04	1.993771e-01
1.562469e-01	2.055837e+00	1.019189e+00	-4.297900e-04	9.694947e-01	1.984444e+00	-1.805177e-01	1.078616e+00	-4.597447e+00	1.203619e-02	1.146142e-01	-4.860736e+01	-1.723624e-05	-1.458204e-04	1.422963e-01
1.607111e-01	2.045800e+00	7.930783e-01	-4.466968e-04	7.530946e-01	1.984444e+00	-1.934390e-01	8.726579e-01	-4.585088e+00	1.205855e-02	-1.063378e-01	-4.981888e+01	-1.736677e-05	4.581143e-04	7.458626e-02
1.651753e-01	2.036009e+00	5.669369e-01	-3.980383e-04	5.366886e-01	1.984444e+00	-2.072465e-01	6.682294e-01	-4.559072e+00	1.109899e-02	-3.287137e-01	-4.921199e+01	-1.205913e-05	6.509133e-04	-1.184122e-02
1.696395e-01	2.026050e+00	3.407170e-01	-5.176894e-04	3.202134e-01	1.984444e+00	-2.143223e-01	4.649941e-01	-4.554571e+00	9.152394e-03	-5.496216e-01	-4.520786e+01	-8.441563e-06	2.237953e-04	-6.704526e-02
1.741037e-01	2.016091e+00	1.156913e-01	-6.713318e-04	1.048670e-01	1.984444e+00	-2.197652e-01	2.651494e-01	-4.544057e+00	6.209932e-03	-7.516681e-01	-3.372831e+01	-1.118739e-05	-1.641583e-04	-6.932765e-02
1.785679e-01	2.006072e+00	-7.655345e-02	-8.743947e-04	-7.906951e-02	1.984444e+00	-2.239410e-01	1.154505e-01	-4.514225e+00	2.315585e-03	-8.828131e-01	-1.276308e+01	-1.052780e-05	-4.017219e-04	-5.201200e-02
1.830321e-01	1.996160e+00	-7.754043e-02	-9.744883e-04	-7.482199e-02	1.984444e+00	-2.291828e-01	1.054359e-01	-4.475047e+00	-2.061207e-03	-8.810566e-01	1.234554e+01	-1.410559e-05	-6.457390e-04	-2.498633e-02
1.874963e-01	1.986259e+00	1.178045e-01	-5.558494e-04	1.297521e-01	1.984444e+00	-2.314386e-01	2.846291e-01	-4.443568e+00	-5.910560e-03	-7.525887e-01	3.219170e+01	-1.725506e-05	-6.829885e-04	1.336624e-02
1.919605e-01	1.976371e+00	3.181067e-01	-7.532022e-06	3.394939e-01	1.984444e+00	-2.339333e-01	4.580432e-01	-4.420416e+00	-8.869295e-03	-5.624627e-01	4.266883e+01	-2.086697e-05	-5.010454e-04	4.691752e-02
1.964247e-01	1.966486e+00	5.234209e-01	4.786410e-04	5.544776e-01	1.984444e+00	-2.367662e-01	6.369515e-01	-4.405897e+00	-1.091181e-02	-3.555876e-01	4.652539e+01	-2.182886e-05	-2.146551e-04	6.483614e-02
2.008889e-01	1.956548e+00	7.314510e-01	7.342954e-04	7.723137e-01	1.984444e+00	-2.406048e-01	8.184772e-01	-4.395235e+00	-1.202438e-02	-1.446438e-01	4.750433e+01	-2.314969e-05	1.238718e-04	6.755748e-02
2.053531e-01	1.946611e+00	9.413568e-01	8.756760e-04	9.921383e-01	1.984444e+00	-2.427271e-01	1.001446e+00	-4.380525e+00	-1.219660e-02	6.792233e-02	4.648330e+01	-2.021694e-05	4.021907e-04	5.981531e-02
2.098173e-01	1.936595e+00	1.152422e+00	9.842707e-04	1.213196e+00	1.984444e+00	-2.455912e-01	1.185443e+00	-4.341621e+00	-1.142448e-02	2.783144e-01	3.996498e+01	-1.978239e-05	6.934848e-04	3.775255e-02
2.142815e-01	1.926722e+00	1.364101e+00	1.007421e-03	1.434932e+00	1.984444e+00	-2.461276e-01	1.369719e+00	-4.203986e+00	-9.703361e-03	4.619526e-01	1.960025e+01	-1.438619e-05	8.213212e-04	1.849157e-02
2.187457e-01	1.916804e+00	1.576345e+00	9.653700e-04	1.657250e+00	1.984444e+00	-1.871212e-01	1.554211e+00	-3.617628e+00	-7.070144e-03	5.248508e-01	-1.959375e+01	-8.919313e-06	5.476252e-04	7.720540e-02
2.232099e-01	1.908149e+00	1.789137e+00	8.414468e-04	1.880165e+00	1.984444e+00	5.041724e-01	1.750774e+00	-1.982710e+00	-4.137551e-03	3.174377e-01	-6.150824e+01	-1.344433e-05	1.145744e-03	1.892203e-01
2.276741e-01	1.905481e+00	2.006407e+00	7.154174e-04	2.105046e+00	1.984444e+00	2.401052e+00	2.107242e+00	5.997757e-01	-3.211113e-03	-1.302606e-01	-7.241050e+01	-4.050799e-06	2.744003e-03	1.696310e-01
2.321383e-01	1.911636e+00	2.239619e+00	6.693513e-04	2.335460e+00	1.984444e+00	4.056496e+00	2.759931e+00	2.871292e+00	-5.672673e-03	-4.882615e-01	-4.080017e+01	1.479188e-05	3.444959e-03	-3.446143e-02
2.366025e-01	1.921278e+00	2.481933e+00	5.783185e-04	2.568828e+00	1.984444e+00	4.086316e+00	3.504980e+00	3.962631e+00	-8.808637e-03	-5.321653e-01	5.349530e+00	3.353989e-05	2.368227e-03	-2.282294e-01
2.410667e-01	1.931041e+00	2.725305e+00	4.719715e-04	2.802886e+00	1.984444e+00	4.196927e+00	4.264894e+00	4.270323e+00	-1.096369e-02	-3.688482e-01	3.627880e+01	3.775108e-05	6.756085e-04	-2.426602e-01
2.455309e-01	1.940946e+00	2.969547e+00	4.414560e-04	3.037469e+00	1.984444e+00	4.244317e+00	5.034389e+00	4.377333e+00	-1.213268e-02	-1.487051e-01	4.870344e+01	3.559486e-05	-2.161755e-04	-1.311376e-01
2.499951e-01	1.950968e+00	3.214634e+00	5.576521e-04	3.272435e+00	1.984444e+00	4.275454e+00	5.812516e+00	4.473157e+00	-1.229912e-02	8.237198e-02	5.223137e+01	3.308023e-05	-3.253125e-04	-3.430460e-02
2.544593e-01	1.961250e+00	3.460234e+00	6.326794e-04	3.507763e+00	1.984444e+00	4.291506e+00	6.596020e+00	4.555876e+00	-1.142410e-02	3.192333e-01	5.227510e+01	3.305194e-05	-2.940473e-04	7.507545e-03
2.589235e-01	1.971599e+00	3.706241e+00	6.651814e-04	3.743343e+00	1.984444e+00	4.303744e+00	7.382982e+00	4.611358e+00	-9.480886e-03	5.554871e-01	4.802155e+01	3.040418e-05	-2.423071e-04	3.354583e-02
2.633877e-01	1.981914e+00	3.948472e+00	7.990661e-04	3.974989e+00	1.984444e+00	4.314676e+00	8.164542e+00	4.667254e+00	-6.468102e-03	7.687312e-01	3.587200e+01	3.065381e-05	-5.083006e-05	6.246218e-02
2.678519e-01	1.992446e+00	4.142873e+00	1.099242e-03	4.156483e+00	1.984444e+00	4.324394e+00	8.821288e+00	4.712622e+00	-2.470516e-03	9.062952e-01	1.448763e+01	2.869189e-05	3.878581e-04	6.652361e-02
2.723161e-01	2.002923e+00	4.149860e+00	1.304578e-03	4.147728e+00	1.984444e+00	4.332743e+00	8.849193e+00	4.732452e+00	2.001363e-03	9.117864e-01	-1.072923e+01	3.426075e-05	7.306136e-04	2.586176e-02
2.767803e-01	2.013303e+00	3.974103e+00	9.142387e-04	3.959682e+00	1.984444e+00	4.339833e+00	8.293343e+00	4.760006e+00	6.018584e-03	7.916234e-01	-3.092068e+01	3.733844e-05	6.451478e-04	-2.790567e-02
2.812445e-01	2.023851e+00	3.777439e+00	1.912294e-04	3.751693e+00	1.984444e+00	4.344352e+00	7.663726e+00	4.788356e+00	9.173123e-03	6.059772e-01	-4.210903e+01	3.981773e-05	3.993817e-04	-6.360558e-02
2.857087e-01	2.034261e+00	3.571703e+00	-4.294543e-04	3.535175e+00	1.984444e+00	4.349271e+00	7.004772e+00	4.815969e+00	1.141741e-02	3.993564e-01	-4.669376e+01	4.144519e-05	2.800402e-05	-7.553386e-02
2.901729e-01	2.044738e+00	3.361562e+00	-7.983060e-04	3.314367e+00	1.984444e+00	4.354638e+00	6.328049e+00	4.861615e+00	1.272320e-02	1.859442e-01	-4.828413e+01	4.035175e-05	-3.730053e-04	-5.688452e-02
2.946371e-01	2.055327e+00	3.149006e+00	-9.481757e-04	3.091208e+00	1.984444e+00	4.361114e+00	5.640814e+00	4.907213e+00	1.307192e-02	-3.070898e-02	-4.825103e+01	3.722065e-05	-5.655196e-04	-1.473602e-02
2.991013e-01	2.065843e+00	2.934699e+00	-9.839738e-04	2.866367e+00	1.984444e+00	4.365676e+00	4.946370e+00	4.949086e+00	1.245517e-02	-2.478872e-01	-4.441512e+01	3.469256e-05	-4.909861e-04	1.399474e-02
3.035655e-01	2.076578e+00	2.719037e+00	-9.616113e-04	2.640204e+00	1.984444e+00	4.369255e+00	4.245572e+00	4.925241e+00	1.086954e-02	-4.532839e-01	-2.879258e+01	3.175049e-05	-2.064758e-04	-3.513768e-02
3.080297e-01	2.087104e+00	2.502465e+00	-8.153514e-04	2.413221e+00	1.984444e+00	4.355179e+00	3.539339e+00	4.550855e+00	8.321747e-03	-5.797133e-01	8.714366e+00	3.350306e-05	-3.489595e-04	-1.840629e-01
3.124939e-01	2.097354e+00	2.283603e+00	-5.979375e-04	2.184956e+00	1.984444e+00	4.083246e+00	2.825423e+00	3.057292e+00	5.014798e-03	-4.482739e-01	5.914536e+01	3.399588e-05	-1.868379e-03	-2.832478e-01
3.169581e-01	2.103311e+00	2.051633e+00	-4.469658e-04	1.951222e+00	1.984444e+00	2.116812e+00	2.169931e+00	2.731049e-02	2.791874e-03	3.119202e-02	8.304169e+01	2.163999e-05	-3.918525e-03	-1.279877e-01
3.214223e-01	2.097379e+00	1.802619e+00	-2.934352e-04	1.712084e+00	1.984444e+00	-1.146000e-01	1.835249e+00	-2.961178e+00	5.354931e-03	4.948570e-01	5.526028e+01	-1.134060e-05	-3.685541e-03	1.777479e-01
3.258865e-01	2.087477e+00	1.551663e+00	-1.219868e-04	1.471902e+00	1.984444e+00	-1.738443e-01	1.596605e+00	-4.393258e+00	8.783199e-03	5.959295e-01	3.674425e+00	-1.884205e-05	-1.549869e-03	3.193500e-01
3.303507e-01	2.077414e+00	1.299779e+00	-5.823836e-05	1.230920e+00	1.984444e+00	-3.104172e-01	1.374429e+00	-4.767888e+00	1.129535e-02	4.485688e-01	-3.313324e+01	-1.988730e-05	-1.775011e-05	2.400669e-01
3.348149e-01	2.066967e+00	1.047322e+00	-1.511477e-04	9.894210e-01	1.984444e+00	-3.685728e-01	1.162907e+00	-4.850646e+00	1.284702e-02	2.294651e-01	-4.860125e+01	-1.674571e-05	6.236266e-04	1.026080e-01
3.392791e-01	2.056665e+00	7.944519e-01	-3.281258e-04	7.475021e-01	1.984444e+00	-3.908699e-01	9.571457e-01	-4.904264e+00	1.336422e-02	-6.694701e-03	-5.334165e+01	-1.268502e-05	7.250280e-04	-7.514920e-04
3.437433e-01	2.045868e+00	5.412115e-01	-5.135873e-04	5.052227e-01	1.984444e+00	-4.154672e-01	7.556459e-01	-4.948828e+00	1.280627e-02	-2.497384e-01	-5.413705e+01	-9.835369e-06	5.141997e-04	-6.295313e-02
3.482075e-01	2.035172e+00	2.877491e-01	-7.004113e-04	2.626908e-01	1.984444e+00	-4.303622e-01	5.576684e-01	-4.962115e+00	1.116135e-02	-4.937234e-01	-5.142466e+01	-6.740218e-06	3.301567e-05	-8.087172e-02
3.526717e-01	2.024320e+00	3.653514e-02	-9.363151e-04	2.228226e-02	1.984444e+00	-4.435445e-01	3.672586e-01	-4.971765e+00	8.416359e-03	-7.236437e-01	-4.221447e+01	-1.010562e-05	-3.509783e-04	-5.985477e-02
3.571359e-01	2.013423e+00	-1.868437e-01	-1.182644e-03	-1.916428e-01	1.984444e+00	-4.566641e-01	2.227828e-01	-4.980245e+00	4.620384e-03	-8.987000e-01	-2.381303e+01	-1.109616e-05	-4.970051e-04	-2.796561e-02
3.616001e-01	2.002448e+00	-2.811530e-01	-1.272831e-03	-2.804623e-01	1.984444e+00	-4.697014e-01	1.830129e-01	-4.986666e+00	9.837397e-05	-9.593878e-01	1.263303e+00	-1.383519e-05	-6.000814e-04	5.528192e-03
3.660643e-01	1.991341e+00	-1.671540e-01	-8.127387e-04	-1.602936e-01	1.984444e+00	-4.811236e-01	2.544273e-01	-4.974344e+00	-4.339256e-03	-8.821840e-01	2.500202e+01	-1.764814e-05	-4.640964e-04	3.596766e-02
3.705285e-01	1.980320e+00	3.582091e-02	9.577155e-05	5.205860e-02	1.984444e+00	-4.901224e-01	4.044251e-01	-4.957690e+00	-7.996932e-03	-7.087022e-01	4.080261e+01	-1.852366e-05	-1.909974e-04	4.803601e-02
3.749927e-01	1.969277e+00	2.522353e-01	8.276094e-04	2.784677e-01	1.984444e+00	-4.975766e-01	5.650035e-01	-4.960415e+00	-1.069990e-02	-4.945499e-01	4.845352e+01	-1.844023e-05	-1.411518e-05	5.023368e-02
3.794568e-01	1.957947e+00	4.765902e-01	1.130527e-03	5.132560e-01	1.984444e+00	-5.040216e-01	7.295167e-01	-4.938255e+00	-1.240079e-02	-2.671670e-01	5.124502e+01	-1.915933e-05	2.319138e-04	4.779353e-02
3.839211e-01	1.946922e+00	7.048876e-01	1.116904e-03	7.522376e-01	1.984444e+00	-5.104219e-01	8.951222e-01	-4.898652e+00	-1.307626e-02	-3.507895e-02	5.104320e+01	-1.686709e-05	5.068381e-04	2.396237e-02
3.883853e-01	1.935743e+00	9.351140e-01	1.008761e-03	9.932977e-01	1.984444e+00	-5.163310e-01	1.059968e+00	-4.867908e+00	-1.271464e-02	1.957563e-01	4.574574e+01	-1.327653e-05	5.013198e-04	-7.245263e-03
3.928494e-01	1.924619e+00	1.167216e+00	9.210109e-04	1.236345e+00	1.984444e+00	-5.171918e-01	1.224709e+00	-4.756724e+00	-1.131102e-02	4.027889e-01	2.891781e+01	-1.184520e-05	3.006751e-04	4.760117e-03
3.973137e-01	1.913410e+00	1.400878e+00	7.635767e-04	1.481088e+00	1.984444e+00	-4.389396e-01	1.390157e+00	-4.259837e+00	-8.922349e-03	5.118020e-01	-4.611380e+00	-1.071703e-05	2.642553e-04	8.822674e-02
4.017778e-01	1.903447e+00	1.635553e+00	5.532100e-04	1.727095e+00	1.984444e+00	1.138757e-01	1.565869e+00	-2.902267e+00	-6.078340e-03	4.019619e-01	-4.588007e+01	-1.212076e-05	9.614473e-04	1.840329e-01
4.062420e-01	1.898087e+00	1.873087e+00	3.872003e-04	1.975173e+00	1.984444e+00	1.567920e+00	1.852006e+00	-6.184055e-01	-4.428304e-03	4.840977e-02	-6.903005e+01	-5.417608e-06	2.313859e-03	1.615257e-01
4.107063e-01	1.900207e+00	2.121418e+00	2.929948e-04	2.227901e+00	1.984444e+00	3.287206e+00	2.423357e+00	1.830126e+00	-5.457237e-03	-3.473351e-01	-5.502693e+01	1.032130e-05	3.040586e-03	-1.579650e-02
4.151704e-01	1.908217e+00	2.384280e+00	2.631571e-04	2.485931e+00	1.984444e+00	4.120316e+00	3.209110e+00	3.513179e+00	-8.369200e-03	-5.288197e-01	-1.520885e+01	2.819812e-05	2.181080e-03	-1.954731e-01
4.196346e-01	1.918127e+00	2.653119e+00	3.048656e-04	2.746462e+00	1.984444e+00	4.295445e+00	4.056366e+00	4.302716e+00	-1.099607e-02	-4.613588e-01	2.287259e+01	3.186122e-05	6.734286e-04	-2.262632e-01
4.240988e-01	1.928589e+00	2.924883e+00	4.449118e-04	3.008495e+00	1.984444e+00	4.411707e+00	4.934150e+00	4.652353e+00	-1.275637e-02	-2.654620e-01	4.515907e+01	3.043422e-05	-2.022610e-04	-1.411739e-01
4.285630e-01	1.939601e+00	3.198301e+00	6.121176e-04	3.271541e+00	1.984444e+00	4.457676e+00	5.828726e+00	4.849076e+00	-1.344759e-02	-2.359643e-02	5.453011e+01	2.905020e-05	-5.397006e-04	-4.154271e-02
4.330272e-01	1.950898e+00	3.472780e+00	7.660794e-04	3.535313e+00	1.984444e+00	4.484123e+00	6.734810e+00	4.946853e+00	-1.300171e-02	2.336732e-01	5.695586e+01	2.440869e-05	-4.813623e-04	3.186040e-02
4.374914e-01	1.962099e+00	3.747712e+00	9.155244e-04	3.799417e+00	1.984444e+00	4.512380e+00	7.649537e+00	5.007186e+00	-1.138716e-02	4.925654e-01	5.425721e+01	2.377140e-05	-1.522418e-04	7.337181e-02
4.419556e-01	1.973395e+00	4.018483e+00	1.078724e-03	4.058846e+00	1.984444e+00	4.538240e+00	8.561356e+00	5.085588e+00	-8.611511e-03	7.342556e-01	4.448571e+01	2.334661e-05	2.370814e-04	8.834310e-02
4.464198e-01	1.984938e+00	4.252166e+00	1.371654e-03	4.278874e+00	1.984444e+00	4.559120e+00	9.381941e+00	5.157599e+00	-4.735964e-03	9.169282e-01	2.568039e+01	2.522669e-05	7.032726e-04	7.386753e-02
4.508840e-01	1.996413e+00	4.351246e+00	1.643211e-03	4.359910e+00	1.984444e+00	4.582322e+00	9.759364e+00	5.221379e+00	-1.281782e-04	9.844966e-01	6.398103e-01	2.999415e-05	1.032591e-03	2.252042e-02
4.553482e-01	2.008032e+00	4.256711e+00	1.384537e-03	4.248030e+00	1.984444e+00	4.600764e+00	9.441661e+00	5.291339e+00	4.428188e-03	9.171999e-01	-2.307001e+01	3.569925e-05	9.630672e-04	-4.073605e-02
4.598124e-01	2.019790e+00	4.067130e+00	5.310347e-04	4.044359e+00	1.984444e+00	4.610900e+00	8.810479e+00	5.339482e+00	8.277828e-03	7.531710e-01	-3.933002e+01	4.014749e-05	5.344251e-04	-7.037031e-02
4.642766e-01	2.031460e+00	3.853696e+00	-3.776806e-04	3.817990e+00	1.984444e+00	4.620245e+00	8.102464e+00	5.381568e+00	1.120353e-02	5.435005e-01	-4.728619e+01	3.965833e-05	1.791637e-04	-5.717984e-02
4.687408e-01	2.043112e+00	3.630034e+00	-9.295561e-04	3.581798e+00	1.984444e+00	4.630832e+00	7.354960e+00	5.449741e+00	1.312642e-02	3.167111e-01	-4.641151e+01	4.119570e-05	2.932159e-08	-2.868528e-02
4.732050e-01	2.055176e+00	3.402429e+00	-1.047467e-03	3.341883e+00	1.984444e+00	4.639464e+00	6.586937e+00	5.483443e+00	1.402044e-02	8.359828e-02	-3.296202e+01	3.934527e-05	-5.161897e-05	-6.098590e-03
4.776692e-01	2.066760e+00	3.171789e+00	-8.962278e-04	3.099084e+00	1.984444e+00	4.646923e+00	5.802513e+00	0.000000e+00	1.387356e-02	0.000000e+00	0.000000e+00	4.034758e-05	0.000000e+00	0.000000e+00
4.821334e-01	2.078637e+00	2.938072e+00	-7.434153e-04	2.853308e+00	1.984444e+00	4.652658e+00	5.004590e+00	0.000000e+00	1.267531e-02	0.000000e+00	0.000000e+00	3.933993e-05	0.000000e+00	0.000000e+00
4.865976e-01	2.090369e+00	2.701353e+00	-5.754859e-04	2.604743e+00	1.984444e+00	4.637913e+00	4.194481e+00	0.000000e+00	1.042793e-02	0.000000e+00	0.000000e+00	4.072213e-05	0.000000e+00	0.000000e+00
4.910618e-01	2.101773e+00	2.461159e+00	-3.823545e-04	2.353648e+00	1.984444e+00	4.430050e+00	3.371222e+00	0.000000e+00	7.297114e-03	0.000000e+00	0.000000e+00	4.233397e-05	0.000000e+00	0.000000e+00
4.955260e-01	2.111104e+00	2.210008e+00	-2.455724e-04	2.097347e+00	1.984444e+00	3.218139e+00	2.562304e+00	0.000000e+00	4.414856e-03	0.000000e+00	0.000000e+00	3.437038e-05	0.000000e+00	0.000000e+00
